Gold (OG|GC) G1MH6 (0.12 DTE) vs 5356 (+108.1) - Intraday Volume
Strike,Call,Put,Vol Settle
5215,0,3,0.24672806306534767
5220,1,23,0.24605454482298228
5225,15,18,0.2454563548230908
5230,0,0,0.24493328765038314
5235,0,2,0.2444850835258876
5240,2,28,0.24411142830103927
5245,0,12,0.24381195346632012
5250,10,204,0.24358623614216413
5255,0,23,0.24343379908941642
5260,3,23,0.24335411070023838
5265,3,0,0.24334658500492878
5270,4,19,0.24341058166146468
5275,3,37,0.243545405970508
5280,154,13,0.24375030886312743
5285,7,4,0.24402448690898382
5290,6,18,0.24436708231223747
5295,1,27,0.24477718290381745
5300,72,258,0.24525382216143043
5305,3,15,0.24579597918636864
5310,3,9,0.24640257872306393
5315,2,26,0.2470724911522666
5320,4,41,0.2478045324833147
5325,3,17,0.24859746435549823
5330,157,96,0.2494499940598871
5335,10,33,0.2503607745024965
5340,2,37,0.2513284042493069
5345,13,2,0.25235142746851125
5350,131,111,0.2534283339914509
5355,3,6,0.25455755927532664
5360,14,37,0.25573748440228883
5365,26,10,0.25696643610217507
5370,12,49,0.2582426867397771
5375,18,27,0.25956445430119857
5380,68,8,0.2609299024225038
5385,6,21,0.2623371403624333
5390,8,2,0.2637842230260503
5395,5,21,0.2652691509492797
5400,419,59,0.2667898702961793
5405,12,22,0.26834427287394647
5410,110,15,0.2699301961197307
5415,21,3,0.27154542311109253
5420,59,9,0.27318768255327086
5425,42,6,0.27485464878873245
5430,20,0,0.276543941802629
5435,3,0,0.2782531272032429
5440,31,0,0.2799797162397226
5445,3,0,0.2817211657907137
5450,161,11,0.28347487838163943
5455,9,0,0.2852382021669655
5460,18,0,0.2870084309270169
5465,9,0,0.28878280408525825
5470,17,0,0.2905585067037464
5475,14,0,0.2923326694717616
5480,11,0,0.2941023687158122
5485,2,0,0.2958646264014533
5490,10,0,0.2976164101237373
5495,0,0,0.2993546331103971
5500,165,0,0.3010761542354885